民居1                   2      14         53         430       256
民居2                   2      1257     50         1718     242
民居3                   2      41         818       426       1051
民居4                   2      1320     1054     1585     1264
民居5                   2      118       1587     424       2002
民居6                   2      292       2056     518       2384
民居7                   2      839       2052     1382     2247
民居8                   2      1873     1731     2256     1895
民居9                   2      1881     927       2126     1259
民居10                 2      2177     769       2605     951
民居11                 2      2186     1020     2666     1214
民居12                 2      2251     2193     2666     2388
民居13                 2      3394     3           3849     155
民居14                 2      3140     210       3550     484
民居15                 2      3150     544       3539     943
民居16                 2        2994     1933     3494      2100
民居17                 2        2997     2136     3504      2397
民居18                 2      2188      1242     2672    1430
民居19                 2      2249      1943     2664     2152
民居20                 2      2871      4           3343     154
工作场所1            3      1260      272      1720     464
工作场所2            3      481        1053    856       1256
工作场所3            2      901        1053    1279     1258
工作场所4            2      112        1097    432       1531
工作场所5            3      17          2062    232       2381
工作场所6            3      549        2055    793       2383
工作场所7            2      1438      2049    1925     2243
工作场所8            3      1964      1939     2202    2247
工作场所9            3      2173      516       2609    720
工作场所10          2        3714     1934     4131      2097
工作场所11          2        3549     2137    4129      2391
工作场所12          3      2859      204       3083     587
工作场所13          3      2860      622       3083     951
工作场所14          2      3600      206       3779     485
第一人民医院       2       479       47         1201     442
小学                     3       15         295        435      770
中央公园              1       472       509        797      1018
华南理工              3       484       1305      1823    2008
电影院                 3       838       2292      1521     2401
步行街                 3       1544     2294      2089     2403
体育馆                 3       1250     516        2142     897
购物广场              3        1786     25         2580      457
博物馆                 3        2319    1581      2650     1885
车站                     3        3617     544       4117      938
隔离区域              2        2996     1013     4144      1905

